	q_name	q_published	q_publish_rate	q_delivered	q_delivered_rate	q_messages_count
0	test	59420886	7864.8	59434965	7866.0	82
1	test	59459577	7738.2	59473953	7797.6	73
2	test	59498830	7850.6	59512983	7806.0	87
3	test	59538445	7923.0	59552547	7912.8	95
4	test	59577830	7877.0	59591913	7873.2	63
5	test	59617103	7854.6	59631193	7856.0	74
6	test	59656548	7889.0	59670674	7896.2	78
7	test	59694728	7636.0	59708971	7659.4	444
8	test	59733263	7707.0	59747493	7704.4	167
9	test	59771529	7653.2	59785365	7574.4	73
10	test	59810652	7824.6	59825005	7928.0	76
11	test	59848502	0.0	59862909	7580.8	79
12	test	59886260	15121.6	59899677	7353.6	57
13	test	59924882	7724.4	59939139	7892.4	387
14	test	59963972	7818.0	59978188	7809.8	87
15	test	60003251	7855.8	60017538	7870.0	282
16	test	60042364	7822.6	60056744	7841.2	68
17	test	60081531	7833.4	60095835	7818.2	67
18	test	60120835	7860.8	60135119	7856.8	94
19	test	60159310	7695.0	60173660	7708.2	76
20	test	60198871	7912.2	60213132	7894.4	75
21	test	60238095	7844.8	60252390	7851.6	84
22	test	60277564	7893.8	60291844	7890.8	87
23	test	60316444	7776.0	60330962	7823.6	95
24	test	60355917	7894.6	60370385	7884.6	80
25	test	60395213	7859.2	60409556	7834.2	65
26	test	60434195	7796.4	60448580	7804.8	92
27	test	60472653	7691.6	60487204	7724.8	76
28	test	60511081	7685.6	60525539	7667.0	194
29	test	60550291	7842.0	60564653	7822.8	175
30	test	60589072	7756.2	60603472	7763.8	457
31	test	60627593	7704.2	60641320	7569.6	77
32	test	60666352	7751.8	60680949	7925.8	1968
33	test	60704725	7674.6	60719244	7659.0	88
34	test	60742600	7575.0	60756124	7376.0	1347
35	test	60781368	7753.6	60795946	7964.4	1071
36	test	60820455	7817.4	60835055	7821.8	71
37	test	60859708	7850.6	60874216	7832.2	82
38	test	60899166	7891.6	60913658	7888.4	98
39	test	60938495	7865.8	60953030	7874.4	92
40	test	60978059	7912.8	60992711	7936.2	70
41	test	61017226	7833.4	61031825	7822.8	86
42	test	61056824	7919.6	61071493	7933.6	84
43	test	61095974	7830.0	61110737	7848.8	67
44	test	61135257	7856.6	61150076	7867.8	81
45	test	61174924	7933.4	61189789	7942.6	80
46	test	61214195	7854.2	61229100	7862.2	80
47	test	61253626	7886.2	61268517	7883.4	89
48	test	61293005	7875.8	61307875	7871.6	81
49	test	61332666	7932.2	61347567	7938.4	90
50	test	61371488	7764.4	61386536	7793.8	92
51	test	61410339	7770.2	61425341	7761.0	102
52	test	61449753	7882.8	61464706	7873.0	81
53	test	61489027	0.0	61504179	7894.6	78
54	test	61528022	15653.8	61582547	7892.0	80
55	test	61567432	7882.0	61621860	7862.6	85
56	test	61606669	7847.4	61661207	7869.4	81
57	test	61646045	7875.2	61700616	7881.8	84
58	test	61685412	7873.4	61739856	7848.0	79
59	test	61724591	7835.8	61778983	7825.4	93
60	test	61763856	7853.0	61818802	7963.8	77
61	test	61803394	7907.6	61858423	7924.2	86
62	test	61842612	7843.6	61897924	7900.2	69
63	test	61882187	7915.0	61937086	7832.4	69
64	test	61921277	7818.0	61976335	7849.8	89
65	test	61960575	7859.6	62016152	7963.4	78
66	test	62000293	7943.6	62055396	7848.8	62
67	test	62039573	7856.0	62094012	7723.2	77
68	test	62078408	7767.0	62133428	7883.2	78
69	test	62117589	7836.2	62172402	7794.8	77
70	test	62156483	7778.8	62210617	7643.0	70
71	test	62194937	0.0	62249337	7744.0	70
72	test	62272136	7794.0	62288215	7775.6	86
73	test	62311577	7888.2	62327800	7917.0	62
74	test	62350362	7757.0	62366602	7760.4	81
75	test	62389877	7903.0	62406161	7911.8	79
76	test	62429183	7861.2	62445403	7848.4	99
77	test	62468451	7853.6	62484807	7880.8	76
78	test	62507909	7891.6	62524162	7871.0	67
79	test	62547042	7826.6	62563464	7860.4	82
80	test	62585976	7786.8	62602354	7778.0	100
81	test	62625272	7859.2	62641838	7896.8	83
82	test	62664630	7871.6	62681164	7865.2	83
83	test	62703813	7836.6	62720302	7827.6	89
84	test	62742958	7829.0	62759461	7831.8	64
85	test	62782223	7853.0	62798647	7837.2	115
86	test	62821510	7857.4	62838034	7877.4	106
87	test	62861292	7956.4	62877826	7958.4	73
88	test	62901005	0.0	62917698	7974.4	70
89	test	62939815	15704.6	62956624	7785.2	74
90	test	62979208	7878.6	62995993	7873.8	58
91	test	63019006	7959.6	63035813	7964.0	70
92	test	63058479	7894.6	63075268	7891.0	101
93	test	63098136	7931.4	63114936	7933.6	76
94	test	63137592	7891.2	63154381	7889.0	96
95	test	63177095	7900.6	63193978	7919.4	85
96	test	63216569	7894.8	63233436	7891.6	56
97	test	63255810	7848.2	63272769	7866.6	88
98	test	63294947	7827.4	63311880	7822.2	103
99	test	63334049	7820.4	63351053	7834.6	78
100	test	63373220	7834.2	63390211	7831.6	116
101	test	63412341	7824.2	63429276	7813.0	77
102	test	63451718	7875.4	63468713	7887.4	75
103	test	63490604	7777.2	63507718	7801.0	73
104	test	63530100	7899.2	63546950	7846.4	71
105	test	63569825	7945.0	63586879	7985.8	84
106	test	63609039	7842.8	63626137	7851.6	88
107	test	63648322	7856.6	63665391	7850.8	98
108	test	63687823	7900.2	63704933	7908.4	66
109	test	63727576	7950.6	63744692	7951.8	70
110	test	63766818	7848.4	63783943	7850.2	77
111	test	63806664	7969.2	63823895	7990.4	75
112	test	63845742	7969.2	63863006	7822.2	65
113	test	63885136	15694.4	63902352	7869.2	85
114	test	63924151	7803.0	63941394	7808.4	71
115	test	63963243	7818.4	63980477	7816.6	87
116	test	64002195	7790.4	64019597	7824.0	89
117	test	64041254	7811.8	64058562	7793.0	95
118	test	64080469	7811.8	64097834	7854.4	158
119	test	64120197	15788.6	64137643	7961.8	90
120	test	64159364	7833.4	64176799	7831.2	83
121	test	64198681	7863.4	64216072	7854.6	71
122	test	64238209	7905.6	64255716	7928.8	83
123	test	64276915	7741.2	64294468	7750.4	75
124	test	64316081	7741.2	64333605	0.0	86
125	test	64355416	15700.2	64372936	15693.6	147
126	test	64394589	7834.6	64412062	7825.2	72
127	test	64434014	7885.0	64451490	7885.6	75
128	test	64473349	7867.0	64490898	7881.6	81
129	test	64512451	7820.4	64530011	7822.6	79
130	test	64551732	7856.2	64569248	7847.4	94
131	test	64590951	7843.8	64608583	7867.0	59
132	test	64629939	7797.6	64647459	7775.2	69
133	test	64669211	7854.4	64686706	7849.4	93
134	test	64708146	7787.0	64725723	7803.4	94
135	test	64746744	7719.6	64764375	7730.4	150
136	test	64785417	7734.6	64803085	7742.0	75
137	test	64824448	7806.2	64842129	7808.8	82
138	test	64863649	7840.2	64881288	7831.8	82
139	test	64903069	7884.0	64920756	7893.6	69
140	test	64942434	7873.0	64960096	7868.0	84
141	test	64981867	7886.6	64999575	7895.8	94
142	test	65021373	7901.2	65039104	7905.8	81
143	test	65060804	7886.2	65078510	7881.2	77
144	test	65100225	7884.2	65117982	7894.4	124
145	test	65140124	7979.8	65157933	7990.2	85
146	test	65179600	7895.2	65197398	7893.0	116
147	test	65219500	7980.0	65237284	7977.2	85
148	test	65258780	7980.0	65276614	0.0	99
149	test	65298234	15746.8	65316000	15743.2	76
150	test	65337536	7860.4	65355239	7847.8	84
151	test	65376592	7811.2	65394452	7842.6	70
152	test	65415443	7770.2	65433335	7776.6	82
153	test	65454991	7909.6	65472859	7904.8	67
154	test	65494546	7911.0	65512444	7917.0	81
155	test	65534171	7925.0	65552079	7927.0	68
156	test	65573694	7904.6	65591644	7913.0	75
157	test	65613181	7897.4	65631130	7897.2	87
158	test	65652487	7861.2	65670418	7857.6	73
159	test	65692068	7916.2	65710024	7921.2	69
160	test	65731327	7851.8	65749371	7869.4	82
161	test	65770965	7927.6	65789055	7936.8	82
162	test	65810405	7888.0	65828404	7869.8	92
163	test	65849745	7868.0	65867847	7888.6	93
164	test	65889085	7868.0	65907174	7865.4	79
165	test	65928506	7884.2	65946636	7892.4	73
166	test	65967918	7882.4	65986034	7879.6	89
167	test	66007262	7868.8	66025455	7884.2	68
168	test	66046645	7876.6	66064799	7868.8	73
169	test	66084707	7612.4	66101074	7255.0	253
170	test	66121714	7401.4	66132736	6332.4	3455
171	test	66159483	7553.8	66166388	6730.4	7309
172	test	66188565	5816.4	66185411	3804.6	12036
173	test	66227010	7689.0	66221622	7242.2	22570
174	test	66265035	7605.0	66257855	7246.6	23289
175	test	66304198	7832.6	66297080	7845.0	25620
176	test	66343284	7817.2	66338117	8207.4	25429
177	test	66382264	7796.0	66378250	8026.6	23387
178	test	66419723	7491.8	66412343	6818.6	22287
179	test	66457727	7600.8	66446726	6876.6	26393
180	test	66495827	7620.0	66483147	7284.2	29496
181	test	66533886	7611.8	66515168	6404.2	31988
182	test	66573269	7876.6	66553827	7731.8	37518
183	test	66611718	7689.8	66590609	7356.4	38036
184	test	66650478	7752.0	66624371	6752.4	40800
185	test	66688666	7637.6	66659314	6988.6	44767
186	test	66727076	7682.0	66695057	7148.6	48091
187	test	66765621	7709.0	66732260	7440.6	51038
188	test	66804658	7807.4	66769335	7415.0	52153
189	test	66842908	7650.0	66804561	7045.2	53644
190	test	66881745	7650.0	66843706	7829.0	57436
191	test	66920123	15443.0	66877495	6757.8	57039
192	test	66958593	7694.0	66913670	7235.0	61510
193	test	66996950	7671.4	66947586	6783.2	64387
194	test	67034884	7586.8	66983438	7170.4	68512
195	test	67073571	7737.4	67023390	7990.4	70501
196	test	67111943	7674.4	67060651	7452.2	68835
197	test	67149919	7595.2	67094291	6728.0	70545
198	test	67188517	7719.6	67130295	7200.8	74737
199	test	67227079	7712.4	67166505	7242.0	76986
200	test	67264667	7517.6	67198977	6494.4	79884
201	test	67301923	7451.2	67234188	7042.2	84658
202	test	67340336	7682.6	67270545	7271.4	86818
203	test	67379062	7745.2	67308780	7647.0	88792
204	test	67417960	7779.6	67347713	7786.6	89270
205	test	67456970	7802.0	67389072	8271.8	88854
206	test	67495126	7631.2	67426095	7404.6	87090
207	test	67534659	7906.6	67466784	8137.8	88077
208	test	67573844	7906.6	67507478	8138.8	87599
209	test	67612683	15604.8	67547330	7970.4	85467
210	test	67651865	7836.4	67588493	8232.6	84018
211	test	67690747	7776.4	67630152	8331.8	82786
212	test	67729950	7840.6	67669386	7846.8	79706
213	test	67769119	7833.8	67710479	8218.6	79676
214	test	67807943	7764.8	67749761	7856.4	77993
215	test	67846765	7764.4	67791146	8277.0	77249
216	test	67886032	7853.4	67832927	8356.2	75251
217	test	67925263	7846.2	67873221	8058.8	71258
218	test	67964570	7861.4	67913089	7973.6	70738
219	test	68003760	7838.0	67953940	8170.2	68994
220	test	68042821	7838.0	67994067	8170.2	67775
221	test	68081648	15577.6	68034100	16032.0	67002
222	test	68120564	7783.2	68074838	8147.6	64822
223	test	68159394	7766.0	68114914	8015.2	64149
224	test	68198414	7804.0	68156202	8257.6	61229
225	test	68237642	7845.6	68198080	8375.6	58825
226	test	68276716	7814.8	68239661	8316.2	56820
227	test	68354357	7702.2	68279985	8064.8	55262
228	test	68392749	7678.4	68350816	7387.4	60288
229	test	68430684	7587.0	68385107	6858.2	62042
230	test	68469073	7677.8	68418618	6702.2	65552
231	test	68507213	7628.0	68454310	7138.4	70604
232	test	68546273	7812.0	68493974	7932.8	72583
233	test	68584630	7671.4	68530140	7233.2	71821
234	test	68623394	7752.8	68565736	7119.2	74438
235	test	68662090	7739.2	68603334	7519.6	77828
236	test	68700483	7678.6	68636526	6638.4	78365
237	test	68739107	7724.8	68674171	7529.0	83793
238	test	68777868	7752.2	68712658	7697.4	84446
239	test	68816213	7669.0	68748611	7190.6	84921
240	test	68854481	7653.6	68785740	7425.8	87321
241	test	68892776	7659.0	68820648	6981.6	88781
242	test	68931102	7665.2	68856762	7222.8	91555
243	test	68969845	7748.6	68893197	7287.0	94721
244	test	69008568	7744.6	68931468	7654.2	96324
245	test	69047400	7766.4	68968770	7460.4	96826
246	test	69086229	7765.8	69007024	7650.8	98358
247	test	69124407	7635.6	69041828	6960.8	99768
248	test	69162990	7716.6	69080309	7696.2	102622
249	test	69202202	7842.4	69120055	7949.2	102584
250	test	69241381	7835.8	69160805	8150.0	101781
251	test	69280275	7778.8	69199453	7729.6	100765
252	test	69318908	7726.6	69239983	8106.0	100342
253	test	69358054	7829.2	69280851	8173.6	99013
254	test	69397179	7825.0	69322057	8241.2	97083
255	test	69436310	7826.2	69363738	8336.2	94603
256	test	69475021	7742.2	69405098	8272.0	92767
257	test	69514084	7812.6	69446027	8185.8	89703
258	test	69553373	7857.8	69486886	8171.8	87903
259	test	69592529	7831.2	69529016	8426.0	86481
260	test	69631879	7870.0	69568929	7982.6	83169
261	test	69671226	7869.4	69611363	8486.8	82769
262	test	69710136	7782.0	69653369	8401.2	79945
263	test	69749088	7790.4	69693462	8018.6	76417
264	test	69787941	7770.6	69734374	8182.4	75345
265	test	69827202	7852.2	69775521	8229.4	73809
266	test	69866622	7884.0	69817120	8319.8	71295
267	test	69905984	7872.4	69858050	8186.0	69355
268	test	69945297	7862.6	69898654	8120.8	67857
269	test	69984574	7855.4	69940231	8315.4	66313
270	test	70023662	7817.6	69981384	8230.6	64259
271	test	70062985	7864.6	70021101	7943.4	62399
272	test	70101954	7793.8	70062449	8269.6	62066
273	test	70140930	7795.2	70103785	8267.2	59755
274	test	70180337	7881.4	70145197	8282.4	57348
275	test	70219473	7827.2	70186897	8340.0	55016
276	test	70258460	7797.4	70229213	8463.2	52607
277	test	70297531	7814.2	70269271	8011.6	49279
278	test	70336736	7841.0	70310749	8295.6	48325
279	test	70375966	7841.0	70351124	8075.0	46718
280	test	70415346	15722.0	70393005	8376.2	44967
281	test	70454462	7823.2	70434806	8360.2	42290
282	test	70493574	7822.4	70476164	8271.6	39576
283	test	70532565	7798.2	70517364	8240.0	37574
284	test	70571468	7780.6	70558490	8225.2	35607
285	test	70610478	7802.0	70600909	8483.8	33027
286	test	70649422	7788.8	70641816	8181.4	29535
287	test	70688518	7819.2	70683539	8344.6	27893
288	test	70727654	7827.2	70725025	8297.2	24988
289	test	70766607	7790.6	70766481	8291.2	22569
290	test	70805995	7877.6	70808275	8291.2	20694
291	test	70843784	7877.6	70843218	15347.4	18256
292	test	70882261	15253.2	70880861	7528.6	21524
293	test	70921431	7834.0	70922129	8253.6	21796
294	test	70960330	7779.8	70962663	8106.8	19256
295	test	70998968	7727.6	71003215	8110.4	18012
296	test	71038300	7866.4	71043871	8131.2	16197
297	test	71077207	7781.4	71084639	8153.6	15205
298	test	71116009	7760.4	71126099	8292.0	12972
299	test	71154787	7755.6	71168758	8531.8	9924
300	test	71193480	7738.6	71209687	8185.8	6381
301	test	71232548	7813.6	71253085	8679.6	4068
302	test	71271884	7867.2	71292469	8679.6	111
303	test	71310922	7867.2	71331502	15683.4	67
304	test	71350332	15689.6	71370891	7877.8	100
305	test	71390029	7939.4	71410657	7953.2	75
306	test	71429631	7920.4	71450281	7924.8	94
307	test	71468997	7873.2	71489709	7885.6	70
308	test	71508455	7891.6	71529108	7879.8	86
309	test	71547768	7862.6	71568510	7880.4	76
310	test	71587111	7868.6	71607875	7873.0	68
311	test	71626236	7825.0	71647037	7832.4	86
312	test	71665581	7869.0	71686322	7857.0	89
313	test	71704920	7867.8	71725631	7861.8	75
314	test	71744358	7887.6	71765135	7900.8	83
315	test	71783726	7873.6	71804527	7878.4	70
316	test	71823003	7855.4	71843819	7858.4	91
317	test	71862400	7879.4	71883207	7877.6	69
318	test	71901737	7867.4	71922594	7877.4	66
319	test	71940943	7841.2	71961858	7852.8	90
320	test	71980128	7837.0	72001009	7830.2	88
321	test	72019184	7811.2	72040167	7831.6	79
322	test	72058791	7921.4	72079781	7922.8	85
323	test	72094629	7167.6	72115392	7122.2	86
324	test	72129637	7001.6	72150420	7005.6	71
325	test	72164534	6979.4	72185393	6994.6	73
326	test	72193523	0.0	72210514	5024.2	94
327	test	72231469	7589.2	72247883	7473.8	4425
328	test	72269423	7590.8	72285469	7517.2	4309
329	test	72307958	7707.0	72319766	6859.4	5327
330	test	72345762	7560.8	72356308	7308.4	9704
331	test	72384842	7816.0	72397488	8236.0	10755
332	test	72424079	7847.4	72439626	8236.0	8408
333	test	72462946	0.0	72482589	17020.2	5934
334	test	72502099	15604.0	72523267	8135.6	1041
335	test	72541342	7848.6	72562520	7850.6	66
336	test	72580700	7871.6	72601828	7861.6	73
337	test	72620064	7872.8	72641414	7917.2	90
338	test	72659300	7847.2	72680596	7836.4	86
339	test	72698561	0.0	72719731	7827.0	71
340	test	72738255	15791.0	72759626	7979.0	71
341	test	72777767	7902.4	72799090	7892.8	69
342	test	72816928	7832.2	72838284	7838.8	77
343	test	72856231	7860.6	72877545	7852.2	84
344	test	72895723	7898.4	72917107	7912.4	92
345	test	72935112	7877.8	72956479	7874.4	86
346	test	72974392	7856.0	72995775	7859.2	71
347	test	73013880	7897.6	73035294	7903.8	87
348	test	73053609	7945.8	73074980	7937.2	83
349	test	73093072	7892.6	73114476	7899.2	79
350	test	73132511	7887.8	73154045	7913.8	76
351	test	73171884	7874.6	73193336	7858.2	85
352	test	73211128	7848.8	73232666	7866.0	69
353	test	73250423	7859.0	73271884	7843.6	83
354	test	73289581	7831.6	73311036	7830.4	64
355	test	73328900	7863.8	73350393	7871.4	131
356	test	73368377	7895.4	73389880	7897.4	102
357	test	73407594	7843.4	73429116	7847.2	178
358	test	73486212	7854.0	73468353	7847.4	120
359	test	73525820	7921.6	73507768	7883.0	80
