	q_name	q_published	q_publish_rate	q_delivered	q_delivered_rate	q_messages_count
0	test	30022804	7694.2	30042162	7405.0	19272
1	test	30060966	7632.4	30080036	7574.8	21744
2	test	30099692	7745.2	30118341	7661.0	21102
3	test	30138711	7803.8	30159314	8194.6	21012
4	test	30177972	7852.2	30199570	8051.2	19845
5	test	30216916	7788.8	30240121	8110.2	17518
6	test	30256171	7851.0	30280980	8171.8	16269
7	test	30294781	7722.0	30316309	7065.8	16269
8	test	30333466	7737.0	30357486	8235.4	17558
9	test	30373082	7923.2	30398353	8173.4	16358
10	test	30412085	7800.6	30438758	8081.0	15226
11	test	30451170	7817.0	30479829	8214.2	13781
12	test	30490470	7860.0	30520326	8099.4	12075
13	test	30529565	7819.0	30562147	8364.2	11149
14	test	30568300	7747.0	30605182	8607.0	8859
15	test	30607321	7804.2	30647371	8437.8	5412
16	test	30646813	7898.4	30686948	7915.4	67
17	test	30686324	7902.2	30726377	7885.8	73
18	test	30725945	7924.2	30766094	7943.4	85
19	test	30765430	7897.0	30805696	7920.4	81
20	test	30804953	7904.6	30845078	7876.4	72
21	test	30844485	7906.4	30884697	7923.8	97
22	test	30884086	7920.2	30924586	7977.8	83
23	test	30923958	7974.4	30964144	7911.6	94
24	test	30963544	7917.2	31003716	7914.4	80
25	test	31003126	7916.4	31043193	7895.4	62
26	test	31042295	7833.8	31082517	7864.8	62
27	test	31081776	7896.2	31122055	7907.6	92
28	test	31121454	7935.6	31161885	7966.0	77
29	test	31161361	7981.4	31201474	7917.8	87
30	test	31200632	7854.2	31240691	7843.4	67
31	test	31239802	7834.0	31279879	7837.6	82
32	test	31279423	7924.2	31319825	7989.2	80
33	test	31319174	7950.2	31359268	7888.6	67
34	test	31358436	7852.4	31398524	7851.2	74
35	test	31397544	7821.6	31437809	7857.0	67
36	test	31437130	7917.2	31477277	7893.6	71
37	test	31476509	7875.8	31516338	7812.2	75
38	test	31515533	7804.8	31555620	7856.4	85
39	test	31554899	7873.2	31593306	7856.4	73
40	test	31593261	0.0	31633493	15574.6	106
41	test	31632492	15518.6	31672769	7855.2	81
42	test	31672168	7935.2	31712272	7900.6	102
43	test	31711247	7815.8	31751671	7879.8	88
44	test	31750927	7936.0	31791058	7877.4	79
45	test	31790015	7817.6	31830502	7888.8	76
46	test	31829675	7932.0	31870019	7903.4	74
47	test	31868985	7862.0	31909409	7878.0	75
48	test	31908536	7910.2	31948846	7887.4	91
49	test	31947749	7842.6	31988365	7903.8	80
50	test	31987336	7917.4	32027762	7879.4	76
51	test	32026690	7870.8	32067314	7910.4	81
52	test	32066194	7900.8	32106512	7839.6	84
53	test	32105424	7846.0	32145756	7848.8	77
54	test	32144673	7849.8	32185242	7897.2	89
55	test	32184291	7923.6	32224819	7915.4	68
56	test	32223717	7885.2	32264201	7876.4	74
57	test	32262938	7844.2	32303430	7845.8	85
58	test	32302363	7885.0	32342821	7878.2	117
59	test	32341466	7820.6	32381969	7829.6	83
60	test	32380921	7891.0	32421573	7920.8	94
61	test	32420479	7911.6	32460923	7870.0	86
62	test	32459868	7877.8	32500756	7966.6	98
63	test	32499479	7922.2	32539871	7823.0	80
64	test	32538759	7856.0	32579093	7844.4	93
65	test	32578119	7872.0	32618286	7838.6	68
66	test	32616910	7758.2	32657542	7851.2	67
67	test	32656474	7912.8	32696687	7829.0	85
68	test	32695549	7815.0	32735974	7857.4	323
69	test	32734854	7861.0	32775046	7814.4	99
70	test	32813791	7920.8	32814874	7965.6	246
71	test	32853181	7878.0	32854144	7854.0	143
72	test	32892480	7859.8	32893524	7876.0	102
73	test	32931950	7894.0	32932842	7863.6	93
74	test	32971295	7869.0	32972411	7913.8	88
75	test	33011028	7946.6	33011979	7913.6	90
76	test	33050479	7890.2	33051357	7875.6	99
77	test	33090178	7939.8	33091049	7938.4	72
78	test	33129922	7948.8	33130843	7958.8	92
79	test	33169541	7923.8	33170311	7893.6	90
80	test	33209143	7920.4	33210091	7956.0	82
81	test	33248758	7923.0	33249870	7955.8	113
82	test	33288232	7894.8	33289587	7943.4	86
83	test	33327703	7894.2	33328995	7881.6	89
84	test	33367499	7959.2	33368544	7909.8	90
85	test	33406804	7861.0	33408058	7902.8	71
86	test	33446418	7922.8	33447601	7908.6	92
87	test	33485870	7890.4	33487062	7892.2	82
88	test	33525726	7971.2	33526886	7964.8	82
89	test	33565369	7928.6	33566679	7958.6	88
90	test	33604820	7890.2	33606055	7875.2	84
91	test	33644075	7851.0	33645490	7887.0	76
92	test	33683516	7888.2	33684929	7887.8	90
93	test	33722883	7888.2	33724131	7887.8	71
94	test	33762300	15756.8	33763580	15730.2	68
95	test	33801699	7879.8	33802969	7877.8	88
96	test	33841205	7901.2	33842540	7914.2	84
97	test	33880701	7899.2	33882002	7892.4	86
98	test	33920115	7882.8	33921575	7914.6	94
99	test	33957118	7400.6	33961108	7906.6	79
100	test	33993339	7244.2	33996544	7087.2	1500
101	test	34028540	7040.2	34031794	7050.0	74
102	test	34063909	7073.8	34066972	7035.6	79
103	test	34099342	7086.6	34102496	7104.8	89
104	test	34135046	7140.8	34138102	7121.2	88
105	test	34170341	7059.0	34173654	7110.4	85
106	test	34205659	7063.6	34209018	7072.8	77
107	test	34240720	7012.2	34244113	7019.0	72
108	test	34275976	7051.2	34279499	7077.2	73
109	test	34311204	7045.6	34314543	7008.8	68
110	test	34346427	7044.6	34349692	7029.8	81
111	test	34381769	7068.4	34385140	7089.6	75
112	test	34417493	7144.8	34420724	7116.8	74
113	test	34453022	7105.8	34456314	7118.0	80
114	test	34488237	7043.0	34491609	7059.0	79
115	test	34523474	7047.4	34526995	7077.2	81
116	test	34558955	7096.2	34562372	7075.4	53
117	test	34594391	7087.2	34597606	7046.8	83
118	test	34629930	7107.8	34633200	7118.8	84
119	test	34665250	7064.0	34668877	7135.4	69
120	test	34700604	7070.8	34704155	7055.6	105
121	test	34735957	7070.6	34739412	7051.4	89
122	test	34771313	7071.2	34774838	7085.2	80
123	test	34806759	7089.2	34810259	7084.2	73
124	test	34841834	7015.0	34845359	7020.0	86
125	test	34876940	7021.2	34880488	7025.8	97
126	test	34912179	7047.8	34915878	7078.0	75
127	test	34947330	7030.2	34951050	7034.4	88
128	test	34982626	7059.2	34986213	7032.6	88
129	test	35018069	7088.6	35021545	7066.4	67
130	test	35053706	7127.4	35057231	7137.2	89
131	test	35089006	7060.0	35092653	7084.4	75
132	test	35124306	7060.0	35128014	7072.2	73
133	test	35160904	7319.6	35162672	6931.6	61
134	test	35198977	7614.6	35198595	7184.6	184
135	test	35237860	7776.6	35239117	8104.4	1841
136	test	35277065	7841.0	35278982	7973.0	76
137	test	35316100	7807.0	35317970	7797.6	110
138	test	35355478	7875.6	35357427	7891.4	77
139	test	35394662	7836.8	35396559	7826.4	89
140	test	35434089	7885.4	35436030	7894.2	70
141	test	35473610	7904.2	35475338	7861.6	90
142	test	35513300	7938.0	35515242	7980.8	111
143	test	35552826	7905.2	35554870	7925.6	72
144	test	35592292	7893.2	35594394	7904.8	73
145	test	35631452	7832.0	35633743	7869.8	81
146	test	35671020	7913.6	35673048	7861.0	78
147	test	35710710	7938.0	35712778	7946.0	82
148	test	35750010	7860.0	35752174	7879.2	89
149	test	35789565	7911.0	35791819	7929.0	139
150	test	35828860	7859.0	35830742	7784.6	74
151	test	35868175	7863.0	35870596	7970.8	81
152	test	35907833	7931.6	35909959	7872.6	79
153	test	35947664	7966.2	35949749	7958.0	109
154	test	35987149	7897.0	35989270	7904.2	75
155	test	36026739	7918.0	36028947	7935.4	86
156	test	36066279	7908.0	36107947	7948.2	67
157	test	36105477	7839.6	36147187	7848.0	94
158	test	36144901	7884.8	36186586	7879.8	69
159	test	36184222	7864.2	36225997	7882.2	69
160	test	36223648	7885.2	36265487	7898.0	69
161	test	36263244	7919.2	36305111	7924.8	124
162	test	36302772	7905.6	36344754	7928.6	95
163	test	36341953	7836.2	36383801	7809.4	95
164	test	36381502	7909.8	36423446	7809.4	84
165	test	36421163	0.0	36463120	15863.8	89
166	test	36460642	15828.0	36502696	7915.2	66
167	test	36500230	7917.6	36542185	7897.8	85
168	test	36539585	7871.0	36581998	7962.6	74
169	test	36579169	7916.8	36621180	7836.4	78
170	test	36618565	7879.2	36661014	7966.8	80
171	test	36657850	7857.0	36700507	7898.6	102
172	test	36697823	7994.6	36740199	7938.4	76
173	test	36737388	7913.0	36779606	7881.4	75
174	test	36776624	7847.2	36819123	7903.4	55
175	test	36816107	7896.6	36858295	7834.4	80
176	test	36855482	7875.0	36897881	7834.4	76
177	test	36894830	0.0	36937169	15774.8	80
178	test	36934229	15749.4	36976518	7869.8	88
179	test	36973587	7871.6	37016166	7929.6	77
